[38;2;16;16;20m[48;2;16;16;20m▀▀▀▀[48;2;15;15;19m▀[48;2;15;16;20m▀[48;2;16;16;20m▀▀▀▀▀▀▀▀▀▀▀▀▀▀▀▀▀▀▀▀▀▀▀▀▀▀▀▀▀▀▀▀▀▀▀▀▀▀▀▀▀▀▀▀▀▀▀▀[48;2;16;15;20m▀[48;2;15;15;19m▀[48;2;16;16;20m▀▀▀▀[0m
[38;2;16;16;20m[48;2;16;16;20m▀▀▀[38;2;15;16;20m▀[38;2;16;16;20m[48;2;15;15;19m▀[48;2;18;20;24m▀[48;2;16;16;20m▀[38;2;17;18;23m▀[38;2;16;17;22m▀[38;2;15;16;20m▀[38;2;16;16;20m[48;2;17;18;23m▀[48;2;16;16;20m▀▀▀▀▀▀▀▀▀▀▀▀▀▀▀▀▀▀▀▀▀▀▀▀▀▀▀▀▀▀▀▀▀▀▀▀▀▀[48;2;19;17;22m▀[38;2;16;15;20m[48;2;16;16;20m▀[38;2;18;16;21m▀[38;2;19;17;22m▀[38;2;16;16;20m▀[48;2;20;17;23m▀[48;2;16;16;20m▀[38;2;16;15;20m▀[38;2;16;16;20m▀▀▀[0m
[38;2;16;16;20m[48;2;16;16;20m▀[48;2;17;18;22m▀[48;2;16;16;20m▀[38;2;26;36;40m[48;2;52;86;89m▀[38;2;103;199;201m[48;2;134;251;251m▀[38;2;109;226;232m[48;2;48;89;92m▀[38;2;99;196;206m[48;2;64;123;128m▀[38;2;75;139;153m[48;2;97;189;203m▀[38;2;41;65;77m[48;2;124;228;253m▀[38;2;15;15;20m[48;2;114;194;228m▀[38;2;16;16;20m[48;2;66;102;131m▀[48;2;25;29;40m▀[38;2;17;17;22m[48;2;16;16;20m▀[38;2;16;16;20m▀[48;2;17;17;22m▀[48;2;16;16;20m▀▀▀▀▀▀▀▀▀▀▀▀▀▀▀▀▀▀▀▀▀▀▀▀▀▀▀▀▀▀[48;2;18;17;22m▀[48;2;16;16;20m▀[38;2;18;16;22m▀[38;2;16;16;20m[48;2;33;23;34m▀[48;2;125;65;103m▀[38;2;15;15;19m[48;2;226;114;181m▀[38;2;75;43;64m[48;2;253;127;198m▀[38;2;154;81;122m[48;2;201;103;156m▀[38;2;205;111;158m[48;2;125;70;99m▀[38;2;231;123;171m[48;2;93;55;74m▀[38;2;198;109;148m[48;2;255;143;193m▀[38;2;34;25;33m[48;2;83;51;68m▀[38;2;16;16;20m[48;2;16;16;20m▀[48;2;18;17;21m▀[48;2;16;16;20m▀[0m
[38;2;16;16;20m[48;2;16;16;20m▀[38;2;17;18;22m[48;2;17;18;22m▀[38;2;16;16;20m[48;2;16;16;20m▀[38;2;58;94;97m[48;2;54;84;87m▀[38;2;125;227;226m[48;2;135;240;240m▀[38;2;16;16;20m[48;2;21;30;34m▀[48;2;17;18;23m▀[48;2;17;18;22m▀[38;2;33;51;57m[48;2;16;16;20m▀[38;2;79;140;158m▀[38;2;127;213;255m[48;2;28;41;47m▀[38;2;125;193;248m[48;2;85;139;167m▀[38;2;75;98;141m[48;2;143;208;255m▀[38;2;25;26;38m[48;2;134;162;235m▀[38;2;16;16;20m[48;2;69;68;108m▀[38;2;15;16;20m[48;2;16;16;20m▀[38;2;16;16;21m▀[38;2;16;16;20m[48;2;17;17;22m▀[48;2;16;16;20m▀▀▀▀▀▀▀▀▀▀▀▀▀▀▀▀▀▀▀▀▀▀▀▀[48;2;18;16;22m▀[38;2;17;16;21m[48;2;16;16;20m▀[38;2;16;15;20m▀[38;2;16;16;20m[48;2;101;51;87m▀[38;2;30;21;31m[48;2;230;107;187m▀[38;2;132;65;109m[48;2;255;129;219m▀[38;2;244;115;196m[48;2;170;83;137m▀[38;2;255;126;204m[48;2;45;29;42m▀[38;2;158;83;127m[48;2;16;16;20m▀[38;2;54;34;48m▀[38;2;16;16;20m[48;2;18;17;22m▀[48;2;19;17;22m▀[48;2;36;26;34m▀[38;2;232;132;178m[48;2;244;139;186m▀[38;2;90;56;74m[48;2;82;51;67m▀[38;2;16;16;20m[48;2;16;16;20m▀[38;2;18;17;21m[48;2;18;17;21m▀[38;2;16;16;20m[48;2;16;16;20m▀[0m
[38;2;16;16;20m[48;2;16;16;20m▀[38;2;16;17;21m▀[38;2;16;16;20m▀[38;2;43;63;66m[48;2;25;31;35m▀[38;2;141;251;251m[48;2;142;248;248m▀[38;2;32;54;57m[48;2;57;97;99m▀[38;2;16;16;20m[48;2;16;16;20m▀[38;2;16;17;21m[48;2;17;18;22m▀[48;2;16;16;20m▀[38;2;17;18;22m▀[38;2;16;16;20m[48;2;16;16;21m▀[48;2;19;20;25m▀[38;2;43;64;76m[48;2;26;23;28m▀[38;2;126;167;223m[48;2;15;17;22m▀[38;2;170;183;255m[48;2;96;110;160m▀[38;2;125;112;187m[48;2;182;173;255m▀[38;2;38;33;52m[48;2;169;134;238m▀[38;2;16;16;20m[48;2;78;58;104m▀[38;2;17;16;22m[48;2;16;16;20m▀[38;2;15;15;20m[48;2;16;15;20m▀[38;2;16;16;20m[48;2;16;16;20m▀▀▀▀▀▀▀▀▀▀▀▀▀▀▀▀▀▀▀▀[38;2;15;15;19m▀[38;2;18;16;22m▀[38;2;16;16;20m[48;2;96;50;90m▀[38;2;47;29;47m[48;2;235;109;203m▀[38;2;181;83;154m[48;2;255;127;231m▀[38;2;255;129;228m[48;2;161;76;133m▀[38;2;225;108;183m[48;2;18;17;22m▀[38;2;75;42;66m[48;2;22;19;24m▀[38;2;16;16;20m[48;2;20;17;23m▀[48;2;17;16;20m▀[38;2;18;17;22m[48;2;16;16;20m▀[38;2;17;16;21m▀[38;2;18;16;21m[48;2;18;17;22m▀[38;2;16;16;20m[48;2;16;16;20m▀[38;2;58;37;50m[48;2;98;58;79m▀[38;2;253;142;193m[48;2;250;140;189m▀[38;2;61;40;53m[48;2;32;25;32m▀[38;2;16;16;20m[48;2;16;16;20m▀[38;2;17;16;21m▀[38;2;16;16;20m▀[0m
[38;2;16;16;20m[48;2;16;16;20m▀[38;2;15;16;20m▀[38;2;16;16;20m[48;2;17;18;22m▀[48;2;16;16;20m▀[38;2;126;217;217m[48;2;92;160;161m▀[38;2;88;157;159m[48;2;123;225;225m▀[38;2;16;16;20m[48;2;15;16;20m▀[38;2;17;19;23m[48;2;16;16;20m▀[38;2;16;16;20m[48;2;15;15;19m▀[48;2;16;16;20m▀▀[38;2;17;17;21m▀[38;2;56;59;71m▀[38;2;93;95;113m[48;2;68;71;82m▀[38;2;18;18;20m[48;2;154;153;188m▀[38;2;71;71;108m[48;2;39;36;47m▀[38;2;184;156;255m[48;2;55;50;78m▀[38;2;200;144;255m[48;2;184;139;245m▀[38;2;116;77;151m[48;2;215;139;255m▀[38;2;16;16;20m[48;2;145;89;181m▀[48;2;24;20;31m▀[38;2;17;16;21m[48;2;16;16;20m▀[38;2;16;16;20m▀[48;2;15;15;20m▀[48;2;17;17;22m▀▀[48;2;16;16;20m▀▀[38;2;17;16;21m▀▀▀▀[38;2;16;16;20m▀[38;2;15;15;19m▀[38;2;16;16;20m[48;2;17;16;21m▀[48;2;16;16;20m▀[48;2;16;15;20m▀▀[38;2;17;16;21m[48;2;16;16;20m▀[38;2;16;16;20m[48;2;25;19;28m▀[38;2;15;15;19m[48;2;166;77;151m▀[38;2;136;66;126m[48;2;255;119;228m▀[38;2;255;119;226m[48;2;243;111;208m▀[38;2;255;120;219m[48;2;78;42;72m▀[38;2;109;55;95m[48;2;38;26;36m▀[38;2;15;15;19m[48;2;183;93;148m▀[38;2;107;60;90m[48;2;83;48;71m▀[38;2;67;40;58m[48;2;16;16;20m▀[38;2;17;16;21m▀[38;2;16;15;20m▀[38;2;16;16;20m▀▀[38;2;19;17;22m▀[38;2;16;16;20m[48;2;15;15;19m▀[38;2;156;88;119m[48;2;220;119;165m▀[38;2;221;121;166m[48;2;167;91;125m▀[38;2;16;16;20m[48;2;16;16;20m▀[48;2;18;17;22m▀[38;2;16;15;19m[48;2;16;16;20m▀[38;2;16;16;20m▀[0m
[38;2;16;16;20m[48;2;16;16;20m▀▀[38;2;17;18;22m▀[38;2;16;16;20m▀[38;2;55;88;91m[48;2;22;26;30m▀[38;2;148;255;255m[48;2;142;244;244m▀[38;2;36;57;60m[48;2;82;146;147m▀[38;2;15;16;20m[48;2;16;16;20m▀[38;2;17;17;21m[48;2;17;18;22m▀[38;2;16;16;20m[48;2;16;16;20m▀▀▀[38;2;18;18;22m▀[38;2;16;16;20m[48;2;19;19;24m▀[38;2;69;68;84m[48;2;16;16;20m▀[38;2;191;176;238m[48;2;97;95;120m▀[38;2;47;41;59m[48;2;212;175;253m▀[38;2;51;41;69m[48;2;41;31;51m▀[38;2;189;124;242m[48;2;57;42;77m▀[38;2;218;129;255m[48;2;197;118;249m▀[38;2;155;93;193m[48;2;230;137;255m▀[38;2;33;26;42m[48;2;128;78;161m▀[38;2;18;18;23m[48;2;16;16;20m▀[38;2;16;16;20m[48;2;21;20;28m▀[48;2;56;57;88m▀[48;2;107;96;159m▀[48;2;146;113;203m▀[38;2;29;23;37m[48;2;179;120;230m▀[38;2;44;31;53m[48;2;203;124;241m▀[38;2;54;35;63m[48;2;219;123;244m▀[38;2;57;36;62m[48;2;229;121;238m▀[38;2;50;31;52m[48;2;232;117;225m▀[38;2;35;24;36m[48;2;226;109;206m▀[38;2;16;16;20m[48;2;206;99;182m▀[48;2;139;69;123m▀[48;2;40;27;40m▀[48;2;33;23;33m▀[38;2;20;17;23m[48;2;16;16;20m▀[38;2;34;24;36m[48;2;146;73;141m▀[38;2;178;83;165m[48;2;255;128;250m▀[38;2;255;119;231m[48;2;243;111;211m▀[38;2;238;108;206m[48;2;72;39;66m▀[38;2;66;37;62m[48;2;42;25;39m▀[38;2;49;29;44m[48;2;248;118;206m▀[38;2;234;113;188m[48;2;126;65;104m▀[38;2;88;49;75m[48;2;16;16;20m▀[38;2;16;16;20m[48;2;20;17;23m▀[38;2;18;17;21m[48;2;16;16;20m▀[38;2;16;16;20m▀▀▀[38;2;17;16;21m[48;2;18;17;22m▀[38;2;15;15;19m[48;2;16;16;20m▀[38;2;51;34;45m[48;2;139;78;107m▀[38;2;255;144;198m[48;2;248;137;188m▀[38;2;95;57;76m[48;2;31;24;31m▀[38;2;16;16;20m[48;2;16;16;20m▀[38;2;18;17;22m▀[38;2;16;16;20m▀▀[0m
[38;2;16;16;20m[48;2;16;16;20m▀▀▀[38;2;16;18;22m[48;2;17;18;22m▀[38;2;16;16;20m[48;2;16;16;20m▀[38;2;97;169;171m[48;2;43;68;71m▀[38;2;130;236;236m[48;2;155;255;255m▀[38;2;19;24;28m[48;2;68;117;119m▀[38;2;16;16;20m[48;2;16;16;20m▀[48;2;17;19;23m▀[48;2;16;16;20m▀▀▀[38;2;15;15;20m▀[38;2;18;18;23m[48;2;18;18;22m▀[38;2;16;16;20m[48;2;16;15;20m▀[38;2;169;145;204m[48;2;72;67;84m▀[38;2;196;140;231m[48;2;247;188;255m▀[38;2;23;20;28m[48;2;120;80;145m▀[38;2;84;55;111m[48;2;16;16;20m▀[38;2;105;57;128m[48;2;43;75;91m▀[38;2;34;31;49m[48;2;120;176;233m▀[38;2;77;89;134m[48;2;147;173;255m▀[38;2;137;149;233m[48;2;104;111;176m▀[38;2;170;172;255m[48;2;81;82;131m▀[38;2;177;162;255m[48;2;158;147;246m▀[38;2;187;148;255m[48;2;176;145;249m▀[38;2;198;137;253m[48;2;192;138;247m▀[38;2;210;134;248m[48;2;206;133;247m▀[38;2;217;126;240m[48;2;217;127;245m▀[38;2;224;121;234m[48;2;224;121;237m▀[38;2;234;123;228m[48;2;232;120;228m▀[38;2;240;122;223m[48;2;232;118;218m▀[38;2;255;134;241m[48;2;249;121;224m▀[38;2;170;84;150m[48;2;107;55;97m▀[38;2;152;78;128m[48;2;208;101;172m▀[38;2;229;120;198m[48;2;255;131;216m▀[38;2;128;70;107m[48;2;255;134;213m▀[38;2;48;30;46m[48;2;217;118;176m▀[38;2;127;62;118m[48;2;82;50;68m▀[38;2;106;52;95m[48;2;16;16;20m▀[38;2;23;19;26m[48;2;151;73;132m▀[38;2;227;108;194m[48;2;255;137;242m▀[38;2;205;99;168m[48;2;79;43;68m▀[38;2;16;16;20m[48;2;16;16;20m▀[38;2;19;17;22m[48;2;18;17;22m▀[38;2;16;15;20m[48;2;16;16;20m▀[38;2;16;16;20m▀▀▀[48;2;19;17;22m▀[48;2;16;16;20m▀[38;2;22;19;24m[48;2;110;62;88m▀[38;2;233;128;178m[48;2;255;149;210m▀[38;2;179;99;136m[48;2;75;46;62m▀[38;2;16;16;20m[48;2;16;16;20m▀[38;2;17;16;21m[48;2;18;17;21m▀[38;2;16;16;20m[48;2;16;16;20m▀▀▀[0m
[38;2;16;16;20m[48;2;16;16;20m▀▀▀▀[38;2;16;17;21m[48;2;17;18;22m▀[38;2;16;16;20m[48;2;16;16;20m▀[38;2;113;195;196m[48;2;42;63;66m▀[38;2;143;239;239m[48;2;160;255;255m▀[38;2;25;33;38m[48;2;103;175;175m▀[38;2;16;16;20m[48;2;16;16;20m▀[38;2;16;17;21m[48;2;17;18;22m▀[38;2;16;16;20m▀[48;2;16;16;20m▀▀▀▀[38;2;33;33;40m[48;2;17;17;22m▀[38;2;143;118;168m[48;2;16;16;20m▀[38;2;34;25;40m[48;2;88;172;187m▀[38;2;82;137;162m[48;2;115;197;224m▀[38;2;135;211;255m[48;2;38;52;66m▀[38;2;85;116;156m[48;2;16;16;20m▀[38;2;31;34;48m▀[38;2;16;16;20m[48;2;20;20;28m▀[48;2;17;17;22m▀[38;2;120;115;184m[48;2;48;48;73m▀[38;2;183;155;254m[48;2;177;155;255m▀[38;2;189;137;246m[48;2;187;137;246m▀[38;2;206;136;250m[48;2;202;133;246m▀[38;2;216;130;246m[48;2;215;131;246m▀[38;2;224;122;238m[48;2;225;124;240m▀[38;2;230;118;228m[48;2;225;117;226m▀[38;2;242;120;229m[48;2;253;126;239m▀[38;2;221;107;199m[48;2;172;85;159m▀[38;2;106;54;95m[48;2;142;71;125m▀[38;2;251;122;208m[48;2;254;129;222m▀[38;2;250;121;200m[48;2;246;121;198m▀[38;2;248;121;197m[48;2;251;124;200m▀[38;2;255;134;204m[48;2;249;125;193m▀[38;2;255;144;210m[48;2;248;129;190m▀[38;2;142;80;113m[48;2;255;146;208m▀[38;2;41;26;42m[48;2;150;84;118m▀[38;2;171;84;146m[48;2;16;16;20m▀[38;2;30;22;31m[48;2;20;18;23m▀[38;2;16;16;20m[48;2;16;16;20m▀[38;2;16;15;20m▀[38;2;16;16;20m▀▀[48;2;18;16;21m▀[38;2;17;16;21m[48;2;17;16;21m▀[38;2;16;16;20m[48;2;16;16;20m▀[38;2;30;22;30m[48;2;171;92;133m▀[38;2;234;127;182m[48;2;255;147;209m▀[38;2;205;109;154m[48;2;72;44;60m▀[38;2;16;16;20m[48;2;16;16;20m▀[48;2;18;17;21m▀[48;2;16;16;20m▀▀▀▀[0m
[38;2;16;16;20m[48;2;16;16;20m▀▀▀▀▀[38;2;17;18;22m[48;2;15;16;20m▀[38;2;16;16;20m[48;2;17;18;22m▀[38;2;83;136;137m[48;2;16;17;21m▀[38;2;168;255;255m[48;2;103;172;173m▀[38;2;85;142;143m[48;2;167;255;255m▀[38;2;16;16;20m[48;2;103;172;173m▀[48;2;35;50;53m▀[48;2;16;16;20m▀[48;2;15;16;20m▀[48;2;16;17;22m▀[38;2;17;18;22m[48;2;16;16;20m▀[38;2;18;22;25m[48;2;38;61;65m▀[38;2;90;169;181m[48;2;106;203;210m▀[38;2;104;194;211m[48;2;15;16;21m▀[38;2;21;26;31m[48;2;16;16;20m▀[38;2;16;16;20m[48;2;26;33;44m▀[48;2;50;60;86m▀[48;2;61;64;103m▀[48;2;59;53;92m▀[48;2;22;21;30m▀[38;2;16;16;21m[48;2;16;16;20m▀[38;2;130;110;186m[48;2;21;20;27m▀[38;2;208;155;255m[48;2;112;84;147m▀[38;2;200;133;248m[48;2;203;135;248m▀[38;2;211;128;243m[48;2;223;136;255m▀[38;2;219;123;236m[48;2;238;134;255m▀[38;2;236;127;239m[48;2;212;111;218m▀[38;2;253;126;243m[48;2;99;52;99m▀[38;2;97;51;94m[48;2;149;73;134m▀[38;2;202;96;173m[48;2;253;121;218m▀[38;2;255;126;220m[48;2;236;110;196m▀[38;2;255;125;209m[48;2;228;108;187m▀[38;2;255;128;207m[48;2;230;110;185m▀[38;2;255;128;201m[48;2;233;113;182m▀[38;2;255;132;197m[48;2;231;117;178m▀[38;2;255;134;191m[48;2;228;117;172m▀[38;2;255;149;210m[48;2;228;121;170m▀[38;2;137;77;107m[48;2;247;136;188m▀[38;2;16;16;20m[48;2;73;46;61m▀[38;2;18;17;21m[48;2;16;16;20m▀[38;2;16;16;20m[48;2;18;17;21m▀[48;2;16;15;20m▀[38;2;16;15;20m[48;2;16;16;20m▀[38;2;16;16;20m[48;2;52;33;45m▀[48;2;176;92;134m▀[38;2;142;79;113m[48;2;255;151;216m▀[38;2;255;152;217m[48;2;179;98;137m▀[38;2;149;81;112m[48;2;19;17;22m▀[38;2;16;16;20m[48;2;18;16;21m▀[38;2;18;16;21m[48;2;16;15;20m▀[38;2;16;16;20m[48;2;16;16;20m▀▀▀▀▀[0m
[38;2;16;16;20m[48;2;16;16;20m▀▀▀▀▀▀[38;2;15;16;20m▀[38;2;16;16;20m▀[38;2;17;19;23m▀[38;2;94;157;158m▀[38;2;164;255;255m[48;2;61;96;99m▀[38;2;164;241;240m[48;2;174;255;255m▀[38;2;66;85;87m[48;2;82;122;123m▀[38;2;17;18;22m[48;2;16;16;20m▀[38;2;15;15;19m▀[38;2;28;40;44m[48;2;72;133;136m▀[38;2;75;144;146m[48;2;88;172;173m▀[38;2;16;16;20m[48;2;33;56;61m▀[38;2;27;38;47m[48;2;125;233;242m▀[38;2;91;148;176m[48;2;122;213;237m▀[38;2;130;201;255m[48;2;60;86;110m▀[38;2;136;185;255m[48;2;28;34;49m▀[38;2;148;162;255m[48;2;28;31;46m▀[38;2;139;126;230m[48;2;20;17;31m▀[38;2;71;61;108m[48;2;41;33;60m▀[38;2;128;101;178m[48;2;166;132;231m▀[38;2;35;28;48m[48;2;190;130;242m▀[38;2;16;16;20m[48;2;55;40;72m▀[38;2;54;40;66m[48;2;16;16;20m▀[38;2;164;99;192m[48;2;17;15;22m▀[38;2;158;90;177m[48;2;16;16;20m▀[38;2;81;44;86m[48;2;130;69;137m▀[38;2;190;94;181m[48;2;255;130;255m▀[38;2;255;128;238m[48;2;253;119;227m▀[38;2;231;110;199m[48;2;168;79;148m▀[38;2;46;28;44m[48;2;37;27;36m▀[38;2;48;30;44m[48;2;229;128;203m▀[38;2;49;32;46m[48;2;138;78;115m▀[38;2;33;23;33m[48;2;16;16;20m▀[38;2;40;28;39m[48;2;176;99;138m▀[38;2;54;35;49m[48;2;220;121;168m▀[38;2;30;22;30m[48;2;39;27;38m▀[38;2;197;108;150m[48;2;225;118;167m▀[38;2;212;116;159m[48;2;255;143;198m▀[38;2;16;16;20m[48;2;73;44;60m▀[38;2;18;17;22m[48;2;16;16;20m▀[38;2;18;17;21m▀[38;2;90;52;75m[48;2;126;70;101m▀[38;2;242;131;193m[48;2;255;147;207m▀[38;2;255;145;207m[48;2;102;59;80m▀[38;2;165;89;125m[48;2;16;16;20m▀[38;2;21;18;23m▀[38;2;16;16;20m▀[38;2;16;15;20m▀[38;2;16;16;20m▀▀▀▀▀▀[0m
[38;2;16;16;20m[48;2;16;16;20m▀▀▀▀▀▀▀▀▀[38;2;17;18;22m[48;2;16;17;21m▀[38;2;16;16;20m[48;2;17;17;21m▀[38;2;125;205;205m[48;2;37;52;54m▀[38;2;151;229;230m[48;2;146;224;224m▀[38;2;49;72;75m[48;2;143;228;227m▀[38;2;16;17;21m[48;2;28;41;45m▀[38;2;101;193;194m[48;2;113;215;215m▀[38;2;62;113;114m[48;2;109;211;212m▀[38;2;118;230;234m[48;2;124;239;240m▀[38;2;103;196;200m[48;2;17;23;27m▀[38;2;17;23;27m[48;2;82;131;133m▀[38;2;48;83;84m[48;2;151;255;255m▀[38;2;93;174;177m[48;2;140;255;255m▀[38;2;100;184;201m[48;2;136;244;255m▀[38;2;92;160;179m[48;2;134;236;255m▀[38;2;48;76;91m[48;2;137;226;255m▀[38;2;17;15;23m[48;2;68;97;127m▀[38;2;151;110;198m[48;2;25;18;30m▀[38;2;202;131;246m[48;2;142;99;171m▀[38;2;39;29;48m[48;2;50;35;61m▀[38;2;17;16;21m[48;2;16;16;20m▀[38;2;16;16;20m[48;2;16;15;20m▀[38;2;146;76;151m[48;2;44;28;48m▀[38;2;150;76;153m[48;2;23;19;27m▀[38;2;49;27;49m[48;2;152;85;142m▀[38;2;27;19;29m[48;2;224;117;200m▀[38;2;114;60;99m[48;2;234;113;195m▀[38;2;255;146;235m[48;2;255;125;205m▀[38;2;82;47;69m[48;2;228;115;173m▀[38;2;21;18;23m[48;2;222;112;166m▀[38;2;251;135;193m[48;2;254;130;189m▀[38;2;191;103;145m[48;2;241;127;177m▀[38;2;18;15;20m[48;2;227;127;177m▀[38;2;58;36;49m[48;2;97;57;79m▀[38;2;103;60;82m[48;2;83;51;69m▀[38;2;152;84;118m[48;2;216;118;164m▀[38;2;17;16;20m[48;2;36;25;34m▀[38;2;80;46;66m[48;2;255;139;196m▀[38;2;230;126;178m[48;2;228;126;175m▀[38;2;211;110;155m[48;2;60;38;52m▀[38;2;16;16;20m[48;2;17;17;21m▀[38;2;17;16;21m▀[38;2;16;16;20m[48;2;16;16;20m▀▀▀▀▀▀▀▀▀[0m
[38;2;16;16;20m[48;2;16;16;20m▀▀▀▀▀▀▀▀▀▀▀[48;2;16;17;21m▀[38;2;22;31;34m[48;2;16;16;20m▀[38;2;51;74;77m▀[38;2;40;63;66m[48;2;44;69;73m▀[38;2;134;250;249m[48;2;138;247;246m▀[38;2;141;255;255m[48;2;137;249;249m▀[38;2;65;133;135m[48;2;38;79;80m▀[38;2;46;50;53m[48;2;99;116;118m▀[38;2;186;255;255m[48;2;209;253;253m▀[38;2;146;249;248m[48;2;163;247;246m▀[38;2;133;246;247m[48;2;144;253;251m▀[38;2;132;240;249m[48;2;134;249;252m▀[38;2;128;225;246m[48;2;130;237;251m▀[38;2;126;213;248m[48;2;127;216;245m▀[38;2;140;191;255m[48;2;147;204;254m▀[38;2;26;33;46m[48;2;56;71;100m▀[38;2;70;48;89m[48;2;93;61;120m▀[38;2;147;95;185m[48;2;211;135;255m▀[38;2;16;15;20m[48;2;20;18;25m▀[38;2;16;16;20m[48;2;16;16;20m▀[48;2;17;16;21m▀[38;2;19;18;24m[48;2;17;15;20m▀[38;2;164;92;157m[48;2;16;16;20m▀[38;2;194;103;175m[48;2;55;32;54m▀[38;2;254;126;212m[48;2;254;132;230m▀[38;2;234;117;188m[48;2;137;73;116m▀[38;2;186;95;143m[48;2;16;16;20m▀[38;2;228;116;174m[48;2;191;99;152m▀[38;2;255;132;192m[48;2;235;123;182m▀[38;2;192;103;144m[48;2;20;17;22m▀[38;2;191;108;150m[48;2;16;16;20m▀[38;2;63;40;54m▀[38;2;151;82;115m[48;2;212;112;159m▀[38;2;250;133;183m[48;2;255;135;188m▀[38;2;39;27;36m[48;2;41;28;38m▀[38;2;107;63;85m[48;2;16;16;20m▀[38;2;33;24;31m▀[38;2;16;16;20m[48;2;17;16;20m▀[48;2;16;16;20m▀▀▀▀▀▀▀▀▀▀▀[0m
[38;2;16;16;20m[48;2;16;16;20m▀▀▀▀▀▀▀▀▀▀▀▀[38;2;17;17;21m[48;2;16;17;21m▀[38;2;17;18;22m[48;2;16;16;20m▀[38;2;28;36;39m[48;2;28;38;41m▀[38;2;69;108;111m[48;2;131;224;224m▀[38;2;72;116;117m[48;2;152;241;241m▀[38;2;24;37;40m[48;2;81;139;140m▀[38;2;99;120;122m[48;2;35;39;43m▀[38;2;219;254;254m[48;2;216;255;255m▀[38;2;192;248;247m[48;2;212;253;251m▀[38;2;164;252;251m[48;2;175;247;246m▀[38;2;137;251;251m[48;2;147;249;248m▀[38;2;130;244;252m[48;2;131;242;246m▀[38;2;128;225;246m[48;2;134;237;252m▀[38;2;150;219;255m[48;2;137;217;248m▀[38;2;60;77;102m[48;2;23;32;37m▀[38;2;45;29;55m[48;2;93;89;141m▀[38;2;110;72;140m[48;2;140;118;196m▀[38;2;16;16;20m[48;2;160;105;203m▀[48;2;173;95;196m▀[48;2;37;25;43m▀[38;2;154;89;163m[48;2;136;83;146m▀[38;2;242;130;241m[48;2;173;96;175m▀[38;2;237;116;214m[48;2;235;115;213m▀[38;2;255;125;219m[48;2;245;122;210m▀[38;2;246;121;200m[48;2;172;91;142m▀[38;2;235;117;185m[48;2;199;101;158m▀[38;2;254;124;191m[48;2;249;132;196m▀[38;2;253;128;187m[48;2;198;104;147m▀[38;2;242;132;188m[48;2;180;100;139m▀[38;2;168;93;128m[48;2;83;49;66m▀[38;2;41;28;39m[48;2;87;50;72m▀[38;2;249;132;190m[48;2;255;143;207m▀[38;2;243;126;181m[48;2;220;118;165m▀[38;2;39;27;37m[48;2;23;19;25m▀[38;2;18;17;22m[48;2;16;16;20m▀[38;2;18;17;21m[48;2;16;15;20m▀[38;2;16;16;20m[48;2;16;16;20m▀▀▀▀▀▀▀▀▀▀▀▀[0m
[38;2;16;16;20m[48;2;16;16;20m▀▀▀▀▀▀▀▀▀▀▀▀[38;2;15;15;19m▀[38;2;16;16;20m[48;2;17;19;23m▀[38;2;15;16;20m[48;2;16;16;20m▀[38;2;121;201;201m[48;2;75;118;120m▀[38;2;157;255;255m[48;2;160;255;255m▀[38;2;141;240;240m[48;2;151;252;251m▀[38;2;23;36;39m[48;2;125;210;211m▀[38;2;96;112;114m[48;2;25;36;40m▀[38;2;217;255;255m[48;2;55;67;70m▀[38;2;194;255;255m[48;2;117;164;164m▀[38;2;167;255;255m[48;2;114;179;179m▀[38;2;149;255;255m[48;2;83;150;152m▀[38;2;142;255;255m[48;2;38;64;67m▀[38;2;52;89;96m[48;2;50;54;70m▀[38;2;44;42;63m[48;2;83;93;130m▀[38;2;115;114;175m[48;2;91;73;119m▀[38;2;115;94;161m[48;2;171;121;205m▀[38;2;125;83;158m[48;2;173;104;204m▀[38;2;133;73;150m[48;2;183;99;201m▀[38;2;34;23;39m[48;2;215;108;219m▀[38;2;16;16;20m[48;2;126;62;127m▀[38;2;18;17;23m[48;2;28;24;34m▀[38;2;255;139;244m[48;2;145;86;145m▀[38;2;196;104;179m[48;2;75;45;74m▀[38;2;16;16;20m[48;2;20;17;23m▀[38;2;144;79;118m[48;2;113;65;94m▀[38;2;255;152;222m[48;2;135;74;108m▀[38;2;49;33;44m[48;2;21;18;23m▀[38;2;16;16;20m[48;2;86;49;72m▀[38;2;18;16;22m[48;2;228;122;184m▀[38;2;165;86;127m[48;2;241;123;183m▀[38;2;253;142;209m[48;2;255;139;205m▀[38;2;178;96;137m[48;2;98;56;80m▀[38;2;16;16;20m[48;2;16;16;20m▀[38;2;17;16;21m[48;2;19;17;22m▀[38;2;16;16;20m[48;2;16;16;20m▀▀▀▀▀▀▀▀▀▀▀▀▀[0m
[38;2;16;16;20m[48;2;16;16;20m▀▀▀▀▀▀▀▀▀▀▀▀▀▀[48;2;16;17;21m▀[38;2;23;28;31m[48;2;16;16;20m▀[38;2;131;216;216m[48;2;40;57;60m▀[38;2;157;255;255m[48;2;142;230;231m▀[38;2;151;254;253m[48;2;161;255;255m▀[38;2;142;235;235m[48;2;159;255;255m▀[38;2;68;113;116m[48;2;140;241;240m▀[38;2;26;30;34m[48;2;63;81;85m▀[38;2;56;64;67m[48;2;114;134;137m▀[38;2;65;70;74m[48;2;113;132;135m▀[38;2;80;109;118m[48;2;106;123;131m▀[38;2;77;108;129m[48;2;151;147;170m▀[38;2;99;94;125m[48;2;205;187;238m▀[38;2;206;171;250m[48;2;73;65;87m▀[38;2;178;129;218m[48;2;27;27;32m▀[38;2;175;110;206m[48;2;16;16;20m▀[38;2;187;103;204m▀[38;2;204;104;210m[48;2;32;23;36m▀[38;2;255;126;255m[48;2;99;52;99m▀[38;2;117;60;113m[48;2;252;121;235m▀[38;2;16;16;20m[48;2;182;88;161m▀[48;2;86;46;76m▀[48;2;43;27;41m▀[48;2;39;26;37m▀[48;2;65;39;56m▀[48;2;138;73;107m▀[38;2;169;90;131m[48;2;248;128;186m▀[38;2;255;136;202m[48;2;255;145;207m▀[38;2;255;139;202m[48;2;219;118;168m▀[38;2;201;108;154m[48;2;46;31;42m▀[38;2;21;18;24m[48;2;16;16;20m▀[38;2;16;16;20m[48;2;17;16;20m▀[38;2;16;15;19m[48;2;16;16;20m▀[38;2;16;16;20m▀▀▀▀▀▀▀▀▀▀▀▀▀[0m
[38;2;16;16;20m[48;2;16;16;20m▀▀▀▀▀▀▀▀▀▀▀▀▀▀▀[38;2;16;17;21m[48;2;17;17;21m▀[38;2;16;16;20m[48;2;16;17;21m▀[38;2;29;41;45m[48;2;68;92;94m▀[38;2;101;162;163m[48;2;56;74;77m▀[38;2;158;246;245m[48;2;36;48;51m▀[38;2;140;238;238m[48;2;64;96;99m▀[38;2;66;82;85m[48;2;45;52;56m▀[38;2;186;202;205m[48;2;173;194;196m▀[38;2;192;216;219m[48;2;243;255;255m▀[38;2;227;235;248m[48;2;233;240;249m▀[38;2;252;244;255m[48;2;233;225;248m▀[38;2;175;162;198m[48;2;237;217;248m▀[38;2;16;16;20m[48;2;100;87;110m▀[38;2;133;119;145m[48;2;16;16;20m▀[38;2;35;34;40m▀[38;2;56;34;60m▀[38;2;123;69;125m[48;2;15;15;19m▀[38;2;16;16;20m[48;2;128;66;124m▀[38;2;221;104;198m[48;2;252;124;231m▀[38;2;255;129;231m[48;2;247;122;210m▀[38;2;255;124;215m[48;2;249;124;207m▀[38;2;241;117;195m[48;2;255;131;214m▀[38;2;248;123;197m[48;2;161;83;131m▀[38;2;255;137;211m[48;2;110;61;89m▀[38;2;255;146;211m[48;2;87;53;73m▀[38;2;239;129;181m[48;2;31;23;31m▀[38;2;145;83;116m[48;2;94;61;77m▀[38;2;33;24;33m[48;2;78;52;66m▀[38;2;16;16;20m[48;2;17;16;20m▀[48;2;17;16;21m▀[48;2;16;16;20m▀▀▀▀▀▀▀▀▀▀▀▀▀▀▀[0m
[38;2;16;16;20m[48;2;16;16;20m▀▀▀▀▀▀▀▀▀▀▀▀▀▀▀[38;2;17;18;22m▀[38;2;16;16;20m[48;2;17;17;21m▀[38;2;55;73;76m[48;2;16;16;20m▀[38;2;166;226;226m[48;2;94;124;126m▀[38;2;15;15;19m[48;2;150;196;197m▀[38;2;16;16;20m[48;2;49;61;63m▀[48;2;16;16;20m▀[38;2;72;79;82m[48;2;15;15;19m▀[38;2;244;255;255m[48;2;201;222;224m▀[38;2;235;239;249m[48;2;255;255;255m▀[38;2;239;231;250m[48;2;242;238;255m▀[38;2;238;219;249m[48;2;249;233;255m▀[38;2;238;206;255m[48;2;245;215;255m▀[38;2;158;123;171m[48;2;255;202;255m▀[38;2;50;38;60m[48;2;126;88;141m▀[38;2;64;43;73m[48;2;151;91;164m▀[38;2;182;100;186m[48;2;255;149;255m▀[38;2;255;126;244m[48;2;255;131;251m▀[38;2;249;122;219m[48;2;255;131;235m▀[38;2;250;125;214m[48;2;255;127;220m▀[38;2;251;126;209m[48;2;255;140;239m▀[38;2;250;126;208m[48;2;192;99;165m▀[38;2;43;30;43m[48;2;16;16;20m▀[38;2;16;16;20m[48;2;19;16;21m▀[48;2;79;56;69m▀[38;2;40;29;37m[48;2;211;130;169m▀[38;2;237;144;185m[48;2;98;64;83m▀[38;2;50;36;45m[48;2;16;16;20m▀[38;2;16;16;20m[48;2;17;16;21m▀[48;2;16;16;20m▀▀▀▀▀▀▀▀▀▀▀▀▀▀▀▀[0m
[38;2;16;16;20m[48;2;16;16;20m▀▀▀▀▀▀▀▀▀▀▀▀▀▀▀[48;2;16;17;21m▀[48;2;16;16;20m▀[48;2;80;120;121m▀[38;2;48;61;64m[48;2;162;231;231m▀[38;2;89;114;117m[48;2;20;22;26m▀[38;2;154;193;193m[48;2;17;19;23m▀[38;2;168;187;188m[48;2;58;64;67m▀[38;2;93;103;106m[48;2;155;180;181m▀[38;2;43;44;48m[48;2;121;152;155m▀[38;2;182;193;195m[48;2;17;20;24m▀[38;2;211;218;231m[48;2;26;22;27m▀[38;2;176;169;189m[48;2;120;121;142m▀[38;2;131;116;143m[48;2;184;170;209m▀[38;2;107;90;117m[48;2;218;182;246m▀[38;2;99;75;114m[48;2;245;185;255m▀[38;2;102;66;114m[48;2;247;159;255m▀[38;2;112;64;118m[48;2;225;123;241m▀[38;2;144;76;143m[48;2;194;94;198m▀[38;2;197;100;183m[48;2;115;58;115m▀[38;2;227;116;204m[48;2;16;16;20m▀[38;2;172;91;155m[48;2;28;24;31m▀[38;2;31;22;32m[48;2;170;111;159m▀[38;2;129;88;113m[48;2;169;113;150m▀[38;2;193;140;166m[48;2;57;43;54m▀[38;2;187;129;155m[48;2;16;16;20m▀[38;2;98;63;82m[48;2;39;27;36m▀[38;2;57;36;51m[48;2;239;132;184m▀[38;2;16;16;20m[48;2;104;62;85m▀[38;2;16;15;19m[48;2;16;16;20m▀[38;2;16;16;20m[48;2;17;16;21m▀[48;2;16;16;20m▀▀▀▀▀▀▀▀▀▀▀▀▀▀▀[0m
[38;2;16;16;20m[48;2;16;16;20m▀▀▀▀▀▀▀▀▀▀▀▀▀▀[38;2;15;16;20m[48;2;17;17;21m▀[38;2;16;16;20m[48;2;16;16;20m▀[38;2;20;23;27m[48;2;101;147;147m▀[38;2;109;172;174m[48;2;98;146;147m▀[38;2;119;193;194m[48;2;75;119;121m▀[38;2;30;41;44m[48;2;95;163;165m▀[38;2;16;16;20m[48;2;65;114;117m▀[48;2;25;33;37m▀[48;2;16;16;20m▀[38;2;100;133;135m▀[38;2;134;198;201m[48;2;45;66;69m▀[38;2;54;78;85m[48;2;121;183;194m▀[38;2;52;47;58m[48;2;100;140;158m▀[38;2;152;138;172m[48;2;61;74;80m▀[38;2;175;143;198m[48;2;74;80;90m▀[38;2;167;124;189m[48;2;72;71;87m▀[38;2;170;110;191m[48;2;75;65;87m▀[38;2;187;103;200m[48;2;80;61;88m▀[38;2;154;76;160m[48;2;77;58;82m▀[38;2;43;25;46m[48;2;162;99;171m▀[38;2;98;64;105m[48;2;174;103;181m▀[38;2;202;124;199m[48;2;48;34;52m▀[38;2;114;75;109m[48;2;16;16;20m▀[38;2;16;16;20m▀[48;2;40;28;38m▀[48;2;125;70;104m▀[38;2;50;33;45m[48;2;165;90;131m▀[38;2;207;116;160m[48;2;116;68;94m▀[38;2;159;92;122m[48;2;157;90;124m▀[38;2;23;19;25m[48;2;144;80;111m▀[38;2;16;16;20m[48;2;16;16;20m▀[38;2;15;15;19m[48;2;18;17;21m▀[38;2;16;16;20m[48;2;16;16;20m▀▀▀▀▀▀▀▀▀▀▀▀▀▀[0m
[38;2;16;16;20m[48;2;16;16;20m▀▀▀▀▀▀▀▀▀▀▀▀▀▀[38;2;17;17;21m▀[38;2;16;16;20m▀[38;2;131;197;196m[48;2;131;206;207m▀[38;2;139;208;209m[48;2;93;146;147m▀[38;2;84;128;130m[48;2;16;16;20m▀[38;2;81;133;135m[48;2;61;97;99m▀[38;2;79;139;141m[48;2;77;136;137m▀[38;2;82;153;157m[48;2;72;133;135m▀[38;2;63;113;119m[48;2;75;137;142m▀[38;2;34;48;54m[48;2;83;140;158m▀[38;2;16;16;20m[48;2;91;138;164m▀[48;2;54;71;93m▀[38;2;76;101;114m[48;2;16;16;20m▀[38;2;111;134;145m▀[38;2;114;124;138m▀[38;2;115;114;139m▀[38;2;119;100;138m▀[38;2;123;91;136m▀[38;2;136;92;143m▀[38;2;93;61;98m▀[38;2;16;16;20m[48;2;99;53;101m▀[48;2;165;88;161m▀[38;2;54;34;54m[48;2;156;84;143m▀[38;2;125;71;110m[48;2;139;77;123m▀[38;2;157;82;132m[48;2;135;74;112m▀[38;2;139;77;115m[48;2;138;76;112m▀[38;2;139;78;110m[48;2;91;54;76m▀[38;2;131;73;103m[48;2;16;16;20m▀[38;2;214;122;166m[48;2;158;89;122m▀[38;2;189;105;143m[48;2;199;111;151m▀[38;2;16;16;20m[48;2;16;16;20m▀[38;2;17;17;21m[48;2;17;16;21m▀[38;2;16;16;20m[48;2;16;16;20m▀▀▀▀▀▀▀▀▀▀▀▀▀▀[0m
[38;2;16;16;20m[48;2;16;16;20m▀▀▀▀▀▀▀▀▀▀▀▀▀▀[48;2;16;17;21m▀[48;2;15;16;20m▀[38;2;129;206;206m[48;2;59;90;93m▀[38;2;127;207;206m[48;2;144;238;239m▀[38;2;19;23;27m[48;2;130;225;225m▀[38;2;16;16;20m[48;2;53;88;91m▀[38;2;19;22;26m[48;2;16;16;20m▀[38;2;50;85;88m▀[38;2;68;127;131m▀[38;2;66;127;133m[48;2;54;96;102m▀[38;2;66;104;121m[48;2;62;126;128m▀[38;2;144;197;255m[48;2;96;129;169m▀[38;2;53;58;85m[48;2;138;164;231m▀[38;2;16;16;20m[48;2;85;84;135m▀[48;2;94;81;139m▀[48;2;99;75;138m▀[48;2;108;73;138m▀[48;2;115;70;139m▀[48;2;116;65;133m▀[38;2;96;52;104m[48;2;227;113;239m▀[38;2;248;118;249m[48;2;145;75;153m▀[38;2;111;59;109m[48;2;125;62;125m▀[38;2;134;71;124m[48;2;89;49;88m▀[38;2;129;68;114m[48;2;16;16;20m▀[38;2;83;49;72m▀[38;2;18;17;22m▀[38;2;16;16;20m[48;2;90;52;74m▀[38;2;26;19;27m[48;2;229;122;178m▀[38;2;216;119;167m[48;2;238;131;184m▀[38;2;199;110;150m[48;2;86;51;69m▀[38;2;16;16;20m[48;2;16;15;19m▀[38;2;17;16;21m[48;2;17;16;21m▀[38;2;16;16;20m[48;2;16;16;20m▀▀▀▀▀▀▀▀▀▀▀▀▀▀[0m
[38;2;16;16;20m[48;2;16;16;20m▀▀▀▀▀▀▀▀▀▀▀▀▀▀▀[38;2;15;16;20m▀[38;2;16;16;20m[48;2;17;18;22m▀[38;2;30;45;49m[48;2;16;16;20m▀[38;2;111;187;188m▀[38;2;153;255;255m[48;2;55;93;95m▀[38;2;102;188;189m[48;2;120;225;225m▀[38;2;40;68;72m[48;2;135;255;255m▀[38;2;16;16;20m[48;2;89;182;184m▀[48;2;37;64;69m▀[38;2;74;145;152m[48;2;46;79;86m▀[38;2;61;97;113m[48;2;67;124;135m▀[38;2;150;185;254m[48;2;49;60;82m▀[38;2;173;181;255m[48;2;65;74;106m▀[38;2;187;164;255m[48;2;67;62;100m▀[38;2;202;153;255m[48;2;74;60;100m▀[38;2;220;144;255m[48;2;79;55;100m▀[38;2;233;136;255m[48;2;82;51;99m▀[38;2;246;132;255m[48;2;95;55;106m▀[38;2;226;114;243m[48;2;70;42;79m▀[38;2;101;54;109m[48;2;125;65;135m▀[38;2;141;72;145m[48;2;74;43;81m▀[38;2;16;16;20m[48;2;69;39;64m▀[48;2;184;90;155m▀[38;2;69;40;61m[48;2;255;132;218m▀[38;2;189;97;151m[48;2;229;117;181m▀[38;2;255;144;212m[48;2;98;56;78m▀[38;2;187;103;144m[48;2;16;16;20m▀[38;2;45;29;40m▀[38;2;16;16;20m[48;2;18;16;21m▀[38;2;16;15;20m[48;2;16;16;20m▀[38;2;16;16;20m▀▀▀▀▀▀▀▀▀▀▀▀▀▀▀[0m
[38;2;16;16;20m[48;2;16;16;20m▀▀▀▀▀▀▀▀▀▀▀▀▀▀▀▀▀[38;2;16;17;21m▀[38;2;16;16;20m▀[48;2;17;18;22m▀[38;2;18;21;25m[48;2;16;16;20m▀[38;2;62;118;120m▀[38;2;115;237;238m[48;2;21;29;33m▀[38;2;129;255;255m[48;2;63;121;126m▀[38;2;104;192;215m[48;2;111;210;229m▀[38;2;97;162;196m[48;2;141;231;255m▀[38;2;48;62;85m[48;2;63;92;122m▀[38;2;131;148;221m[48;2;121;136;202m▀[38;2;139;127;214m[48;2;178;169;255m▀[38;2;156;120;214m[48;2;188;149;255m▀[38;2;173;112;214m[48;2;203;139;255m▀[38;2;179;106;215m[48;2;228;138;255m▀[38;2;192;102;217m[48;2;171;98;197m▀[38;2;75;43;85m[48;2;110;66;131m▀[38;2;175;92;196m[48;2;252;136;255m▀[38;2;202;100;200m[48;2;220;108;218m▀[38;2;255;127;242m[48;2;125;64;116m▀[38;2;240;117;203m[48;2;31;22;33m▀[38;2;123;64;103m[48;2;16;16;20m▀[38;2;24;19;26m▀[38;2;16;16;20m[48;2;18;17;21m▀[48;2;16;16;20m▀[38;2;17;16;20m▀[38;2;16;16;20m▀▀▀▀▀▀▀▀▀▀▀▀▀▀▀▀▀[0m
[38;2;16;16;20m[48;2;16;16;20m▀▀▀▀▀▀▀▀▀▀▀▀▀▀▀▀▀▀▀▀[38;2;15;16;20m▀[38;2;17;18;22m▀[38;2;16;16;20m▀[48;2;17;18;22m▀[38;2;19;24;28m[48;2;16;16;20m▀[38;2;63;97;117m▀[38;2;76;111;149m[48;2;18;18;23m▀[38;2;58;65;95m[48;2;17;19;24m▀[38;2;173;166;255m[48;2;104;98;155m▀[38;2;179;144;245m[48;2;194;164;255m▀[38;2;193;139;245m[48;2;213;154;255m▀[38;2;220;138;255m[48;2;128;85;157m▀[38;2;82;51;98m[48;2;20;18;25m▀[38;2;131;80;157m[48;2;18;17;23m▀[38;2;104;60;117m[48;2;16;16;20m▀[38;2;25;19;29m▀[38;2;16;16;20m[48;2;18;17;22m▀[48;2;16;16;20m▀[38;2;18;17;22m▀[38;2;16;15;20m▀[38;2;16;16;20m▀▀▀▀▀▀▀▀▀▀▀▀▀▀▀▀▀▀▀▀[0m
[38;2;16;16;20m[48;2;16;16;20m▀▀▀▀▀▀▀▀▀▀▀▀▀▀▀▀▀▀▀▀▀▀▀▀[38;2;15;16;20m▀[38;2;17;18;23m▀[38;2;16;16;20m▀▀▀[38;2;121;102;167m▀[38;2;129;98;170m▀[38;2;17;16;21m▀[38;2;16;16;20m▀▀[38;2;18;17;23m▀[38;2;16;15;20m▀[38;2;16;16;20m▀▀▀▀▀▀▀▀▀▀▀▀▀▀▀▀▀▀▀▀▀▀▀▀[0m
[38;2;16;16;20m[48;2;16;16;20m▀▀▀▀▀▀▀▀▀▀▀▀▀▀▀▀▀▀▀▀▀▀▀▀▀▀▀▀[38;2;15;15;20m▀[38;2;16;16;20m▀▀[38;2;15;15;20m▀[38;2;16;16;20m▀▀▀▀▀▀▀▀▀▀▀▀▀▀▀▀▀▀▀▀▀▀▀▀▀▀▀▀[0m
