[38;2;16;16;20m[48;2;16;16;20m▀[48;2;15;16;20m▀[38;2;15;15;19m[48;2;16;16;20m▀[38;2;16;16;20m▀[48;2;15;16;20m▀[48;2;16;16;20m▀▀▀▀▀▀▀▀▀▀▀▀▀▀▀▀▀▀▀▀[48;2;16;15;20m▀[48;2;16;16;20m▀[38;2;15;15;19m[48;2;17;16;20m▀[38;2;16;16;20m[48;2;16;15;20m▀[48;2;16;16;20m▀[0m
[38;2;16;16;20m[48;2;16;17;21m▀[38;2;27;38;42m[48;2;36;52;56m▀[38;2;98;191;194m[48;2;74;128;130m▀[38;2;83;161;172m[48;2;16;17;21m▀[38;2;73;125;144m[48;2;36;55;63m▀[38;2;30;40;52m[48;2;91;146;179m▀[38;2;16;16;20m[48;2;94;123;167m▀[48;2;29;29;42m▀[48;2;16;16;20m▀▀▀▀▀▀▀▀▀▀▀▀▀▀[48;2;37;24;36m▀[48;2;161;80;136m▀[38;2;47;30;44m[48;2;178;88;144m▀[38;2;142;74;115m[48;2;61;37;53m▀[38;2;171;91;133m[48;2;17;16;21m▀[38;2;194;107;146m[48;2;132;78;104m▀[38;2;37;27;35m[48;2;51;34;45m▀[38;2;16;16;20m[48;2;17;16;20m▀[0m
[38;2;16;16;20m[48;2;15;16;20m▀[38;2;25;31;35m[48;2;16;16;20m▀[38;2;93;162;163m[48;2;107;189;190m▀[38;2;16;16;20m[48;2;16;16;20m▀[48;2;15;15;19m▀[38;2;16;17;21m[48;2;16;16;20m▀[38;2;52;67;87m[48;2;58;60;71m▀[38;2;143;144;214m[48;2;70;69;90m▀[38;2;75;60;103m[48;2;155;122;208m▀[38;2;16;15;20m[48;2;123;80;151m▀[38;2;16;16;20m[48;2;18;17;23m▀[48;2;15;15;20m▀[48;2;16;16;21m▀[48;2;16;16;20m▀▀▀[48;2;15;15;19m▀[48;2;16;16;20m▀[48;2;16;15;20m▀[48;2;18;16;22m▀[38;2;16;15;20m[48;2;143;69;131m▀[38;2;98;51;90m[48;2;207;98;181m▀[38;2;213;103;186m[48;2;86;47;74m▀[38;2;85;46;73m[48;2;68;41;59m▀[38;2;17;16;20m[48;2;16;15;20m▀[38;2;16;16;20m[48;2;16;16;20m▀[38;2;17;16;20m▀[38;2;164;94;127m[48;2;191;104;143m▀[38;2;31;24;31m[48;2;16;16;20m▀[38;2;16;16;20m[48;2;16;15;19m▀[0m
[38;2;16;16;20m[48;2;16;16;20m▀[48;2;16;17;21m▀[38;2;91;153;155m[48;2;43;67;70m▀[38;2;37;58;61m[48;2;93;158;159m▀[38;2;16;16;20m[48;2;16;16;20m▀▀[38;2;17;17;21m[48;2;15;15;20m▀[38;2;93;88;115m[48;2;17;16;21m▀[38;2;87;72;108m[48;2;171;135;193m▀[38;2;165;103;205m[48;2;60;42;76m▀[38;2;136;83;162m[48;2;75;84;125m▀[38;2;17;17;22m[48;2;116;130;199m▀[38;2;48;46;71m[48;2;146;140;221m▀[38;2;92;68;122m[48;2;188;142;251m▀[38;2;130;78;150m[48;2;212;130;245m▀[38;2;142;76;144m[48;2;228;121;231m▀[38;2;120;62;111m[48;2;244;123;226m▀[38;2;52;32;50m[48;2;159;79;136m▀[38;2;21;18;24m[48;2;216;113;183m▀[38;2;153;77;148m[48;2;118;65;102m▀[38;2;202;94;178m[48;2;74;40;68m▀[38;2;101;52;87m[48;2;191;96;168m▀[38;2;116;60;96m[48;2;17;16;21m▀[38;2;17;16;21m[48;2;16;15;20m▀[38;2;16;16;20m[48;2;16;16;20m▀▀[38;2;55;35;47m[48;2;155;89;125m▀[38;2;157;90;123m[48;2;71;44;59m▀[38;2;16;16;20m[48;2;16;16;20m▀▀[0m
[38;2;16;16;20m[48;2;16;16;20m▀▀▀[38;2;114;188;189m[48;2;33;46;50m▀[38;2;40;60;63m[48;2;130;206;206m▀[38;2;16;17;21m[48;2;42;63;66m▀[38;2;16;16;20m[48;2;15;16;20m▀[48;2;16;16;21m▀[38;2;52;46;62m[48;2;63;113;120m▀[38;2;79;132;153m[48;2;39;63;70m▀[38;2;68;98;124m[48;2;27;31;42m▀[38;2;20;21;29m[48;2;38;37;58m▀[38;2;50;49;74m[48;2;17;17;22m▀[38;2;184;146;250m[48;2;117;92;153m▀[38;2;209;132;247m[48;2;209;133;248m▀[38;2;226;120;233m[48;2;226;123;237m▀[38;2;222;109;206m[48;2;149;75;142m▀[38;2;188;94;162m[48;2;236;113;201m▀[38;2;248;121;198m[48;2;242;117;197m▀[38;2;251;133;199m[48;2;243;122;189m▀[38;2;147;84;120m[48;2;241;130;185m▀[38;2;59;35;55m[48;2;118;68;94m▀[38;2;16;15;20m[48;2;17;16;20m▀[38;2;16;16;20m[48;2;16;15;20m▀[38;2;17;16;20m[48;2;65;39;54m▀[38;2;58;36;50m[48;2;207;120;170m▀[38;2;191;106;151m[48;2;50;32;43m▀[38;2;16;16;20m[48;2;16;15;20m▀[48;2;16;16;20m▀▀[0m
[38;2;16;16;20m[48;2;16;16;20m▀▀▀[38;2;15;16;20m▀[38;2;35;52;55m▀[38;2;140;211;212m[48;2;48;72;75m▀[38;2;45;60;63m[48;2;122;188;189m▀[38;2;32;51;54m[48;2;64;116;118m▀[38;2;53;97;100m[48;2;103;198;200m▀[38;2;91;158;175m[48;2;54;93;96m▀[38;2;88;126;167m[48;2;108;191;192m▀[38;2;83;84;140m[48;2;115;206;222m▀[38;2;101;81;144m[48;2;67;103;124m▀[38;2;74;53;95m[48;2;130;89;161m▀[38;2;62;42;75m[48;2;30;24;37m▀[38;2;96;54;105m[48;2;55;33;59m▀[38;2;238;117;225m[48;2;93;51;92m▀[38;2;120;61;106m[48;2;149;77;130m▀[38;2;116;67;102m[48;2;205;108;170m▀[38;2;66;41;57m[48;2;187;98;142m▀[38;2;85;51;71m[48;2;169;93;129m▀[38;2;222;121;168m[48;2;85;51;69m▀[38;2;30;23;30m[48;2;105;60;84m▀[38;2;62;38;54m[48;2;198;109;153m▀[38;2;213;120;171m[48;2;76;45;62m▀[38;2;54;34;47m[48;2;16;16;20m▀[38;2;16;15;20m▀[38;2;16;16;20m▀▀▀[0m
[38;2;16;16;20m[48;2;16;16;20m▀▀▀▀▀▀[38;2;26;34;37m[48;2;16;17;21m▀[38;2;89;157;158m[48;2;64;101;103m▀[38;2;95;179;179m[48;2;82;133;134m▀[38;2;135;168;169m[48;2;142;167;168m▀[38;2;146;248;248m[48;2;185;250;248m▀[38;2;131;237;249m[48;2;136;246;249m▀[38;2;135;206;250m[48;2;137;224;250m▀[38;2;61;53;88m[48;2;55;56;83m▀[38;2;98;65;121m[48;2;106;77;139m▀[38;2;16;16;20m[48;2;60;38;69m▀[38;2;54;35;55m[48;2;176;99;181m▀[38;2;189;98;167m[48;2;243;119;214m▀[38;2;143;75;116m[48;2;213;107;171m▀[38;2;227;117;175m[48;2;238;122;180m▀[38;2;104;61;84m[48;2;168;93;130m▀[38;2;110;62;87m[48;2;158;88;127m▀[38;2;146;80;111m[48;2;131;72;102m▀[38;2;43;29;39m[48;2;17;16;20m▀[38;2;16;16;20m[48;2;16;16;20m▀▀▀▀▀▀[0m
[38;2;16;16;20m[48;2;16;16;20m▀▀▀▀▀▀▀[38;2;56;87;90m[48;2;17;19;23m▀[38;2;152;250;250m[48;2;117;189;190m▀[38;2;67;98;101m[48;2;153;249;249m▀[38;2;145;185;186m[48;2;74;116;118m▀[38;2;128;209;210m[48;2;87;100;103m▀[38;2;70;115;122m[48;2;103;121;137m▀[38;2;83;80;121m[48;2;145;129;175m▀[38;2;146;100;182m[48;2;99;70;119m▀[38;2;141;75;152m[48;2;109;61;117m▀[38;2;47;29;51m[48;2;180;89;175m▀[38;2;167;93;160m[48;2;75;41;69m▀[38;2;73;44;63m[48;2;28;21;29m▀[38;2;115;69;99m[48;2;58;36;50m▀[38;2;87;50;74m[48;2;231;124;181m▀[38;2;228;122;181m[48;2;180;99;141m▀[38;2;77;46;64m[48;2;17;16;21m▀[38;2;17;16;20m[48;2;16;15;19m▀[38;2;16;16;20m[48;2;16;16;20m▀▀▀▀▀▀[0m
[38;2;16;16;20m[48;2;16;16;20m▀▀▀▀▀▀▀▀[38;2;32;41;45m[48;2;26;30;34m▀[38;2;87;132;134m[48;2;106;140;142m▀[38;2;78;117;119m[48;2;24;27;30m▀[38;2;198;216;218m[48;2;133;142;145m▀[38;2;236;236;250m[48;2;242;240;252m▀[38;2;132;120;144m[48;2;242;218;253m▀[38;2;50;46;56m[48;2;147;112;156m▀[38;2;52;33;56m[48;2;163;95;169m▀[38;2;154;77;143m[48;2;253;127;237m▀[38;2;251;124;215m[48;2;252;129;220m▀[38;2;226;113;184m[48;2;125;67;109m▀[38;2;176;99;146m[48;2;32;26;32m▀[38;2;127;74;101m[48;2;146;91;118m▀[38;2;36;27;34m[48;2;24;21;26m▀[38;2;16;16;20m[48;2;16;16;20m▀▀▀▀▀▀▀▀[0m
[38;2;16;16;20m[48;2;16;16;20m▀▀▀▀▀▀▀▀[38;2;32;42;45m[48;2;82;122;123m▀[38;2;79;107;109m[48;2;79;129;131m▀[38;2;99;115;117m[48;2;30;44;48m▀[38;2;103;119;122m[48;2;37;45;48m▀[38;2;109;113;119m[48;2;88;131;137m▀[38;2;152;144;170m[48;2;91;99;117m▀[38;2;167;133;183m[48;2;122;104;141m▀[38;2;171;103;182m[48;2;128;84;141m▀[38;2;162;82;159m[48;2;109;64;114m▀[38;2;110;61;102m[48;2;130;81;134m▀[38;2;124;83;113m[48;2;40;30;42m▀[38;2;113;82;98m[48;2;49;32;45m▀[38;2;108;64;88m[48;2;134;76;107m▀[38;2;38;27;36m[48;2;120;70;95m▀[38;2;16;16;20m[48;2;16;16;20m▀▀▀▀▀▀▀▀[0m
[38;2;16;16;20m[48;2;16;16;20m▀▀▀▀▀▀▀[48;2;15;16;20m▀[38;2;123;189;189m[48;2;114;185;186m▀[38;2;60;93;96m[48;2;54;88;90m▀[38;2;77;140;142m[48;2;25;34;38m▀[38;2;63;109;118m[48;2;51;91;96m▀[38;2;44;60;74m[48;2;92;139;168m▀[38;2;54;66;74m[48;2;73;80;117m▀[38;2;65;67;79m[48;2;56;47;79m▀[38;2;68;55;78m[48;2;63;43;79m▀[38;2;65;46;70m[48;2;113;61;124m▀[38;2;74;43;75m[48;2;157;78;159m▀[38;2;118;66;107m[48;2;92;51;86m▀[38;2;142;77;117m[48;2;33;24;33m▀[38;2;94;55;77m[48;2;90;52;74m▀[38;2;190;106;145m[48;2;184;102;142m▀[38;2;16;16;20m[48;2;16;15;20m▀[48;2;16;16;20m▀▀▀▀▀▀▀[0m
[38;2;16;16;20m[48;2;16;16;20m▀▀▀▀▀▀▀[38;2;15;16;20m▀[38;2;19;23;27m▀[38;2;83;137;139m▀[38;2;99;184;185m[48;2;28;42;46m▀[38;2;39;69;73m[48;2;82;160;163m▀[38;2;62;111;121m[48;2;113;198;223m▀[38;2;109;125;174m[48;2;90;109;157m▀[38;2;132;109;177m[48;2;165;141;234m▀[38;2;153;96;177m[48;2;195;123;234m▀[38;2;159;85;170m[48;2;137;77;157m▀[38;2;110;58;117m[48;2;212;109;217m▀[38;2;71;40;64m[48;2;162;82;148m▀[38;2;185;96;152m[48;2;44;28;42m▀[38;2;139;79;113m[48;2;16;16;20m▀[38;2;23;19;25m▀[38;2;16;15;20m▀[38;2;16;16;20m▀▀▀▀▀▀▀[0m
[38;2;16;16;20m[48;2;16;16;20m▀▀▀▀▀▀▀▀▀▀▀▀[38;2;28;38;46m▀[38;2;42;53;72m▀[38;2;162;143;227m[48;2;42;37;56m▀[38;2;188;129;228m[48;2;44;36;57m▀[38;2;62;41;75m[48;2;16;16;20m▀[38;2;40;27;46m▀[38;2;16;16;20m▀▀▀▀▀▀▀▀▀▀▀▀[0m
[38;2;16;16;20m[48;2;16;16;20m▀▀▀▀▀▀▀▀▀▀▀▀▀▀[38;2;15;15;20m[48;2;15;15;20m▀▀[38;2;16;16;20m[48;2;16;16;20m▀▀▀▀▀▀▀▀▀▀▀▀▀▀[0m
